

S11  22222
     21112
     21012
     21112
     22222

S21  22222
     22222
     21112
     21112
     21012
     21112
     21112
     22222
     22222
     
S12  2222222
     2111112
     2110112
     2111112
     2222222


D11  2
    212
   21012
    212 
     2
     
D21  2
     2
    212
    212
   21012
    212 
    212 
     2
     2
     
D12   2
    22122
  221101122
    22122 
      2
     
     
D31  2
     2
     2
    212
    212
    212
   21012
    212 
    212 
    212 
     2
     2
     2
     
D13     2
     2221222
  2221110111222
     2221222 
        2
     
     
     
     
     