


S11        3333333
           3222223
           3211123
           3210123
           3211123
           3222223
           3333333

S21        3333333
           3333333
           3222223
           3222223
           3211123
           3211123
           3210123
           3211123
           3211123
           3222223
           3222223
           3333333
           3333333
     
S12     3333333333333 
        3322222222233
        3322111112233
        3322110112233
        3322111112233
        3322222222233
        3333333333333


D11           3
             323
            32123
           3210123
            32123 
             323
              3

D21           3 
              3
             323
             323
            32123
            32123
           3210123
            32123
            32123
             323
             323
              3
              3
      
D12           3
            33233
          332212233
        3322110112233
          332212233
            33233
              3
     
D31           3
              3
              3
             323
             323
             323
            32123
            32123
            32123
           3210123
            32123
            32123
            32123
             323
             323
             323
              3
              3
              3
      
D13           3
           3332333
        3332221222333
     3332221110111222333
        3332221222333
           3332333
              3
     
     
     
           
      
      
      
      
      
      
      
      
      